12
31.6648 4.98261      -1        -1 -0.182258        -0
27.6845 4.64867 9.01565  -0.866025 -0.0779645       -0.4
18.5574 5.59458 16.4001      -0.5 -0.167582  -0.69282
      6  7.2752 20.2047 1.31134e-07    -0.25082        -0.8
-7.15309  8.47147  17.2254       0.5 -0.282475  -0.69282
-16.1496  9.81877  9.23046 0.866025 -0.24973     -0.4
-19.8674  8.79655       -1           1   -0.272556 6.99382e-08
-17.1583  9.44253 -11.6964 0.866025  -0.3704      0.4
-6.86619  8.89093 -18.8279       0.5 -0.332834   0.69282
      6 11.2294 -21.125 -9.93477e-08    -0.370654          0.8
 18.7713  9.59669 -18.6964      -0.5 -0.333385   0.69282
27.9407 11.3842 -11.134 -0.866026 -0.256342       0.4
106
0.0411241
11.2005
