12
13.8052 14.733 -1.53687 -0.614126 -0.495679 -0.614126
11.6983 15.256 6.11646 -0.421826 -0.426627 -0.800033
5.23908 13.2846 9.43923 -0.17028 -0.347683 -0.92202
-2.88891 13.9229 8.06085 0.148932 -0.389358 -0.908966
-8.07125 12.2855 5.45036 0.381326 -0.345077 -0.85762
-9.34524 13.207 1.68382 0.480794 -0.424141 -0.767426
-9.14657 13.916 -5.09347 0.593339 -0.576106 -0.562183
-8.55473 14.3018 -14.0454 0.681196 -0.731253 -0.0352102
-3.21343 15.9966 -18.4359 0.309191 -0.902439 0.300007
2.27315 17.46 -19.9182 -0.101825 -0.921152 0.375648
6.90456 19.3345 -17.74 -0.367315 -0.909731 0.19357
8.42938 17.7977 -13.5727 -0.489053 -0.870088 -0.0614383
71
0.57317
9.6
