12
31.5262 9.65244      -1        -1 -0.402726        -0
28.8545 9.81046 9.55606 -0.866025 -0.477041      -0.4
18.7415  10.829 16.6551      -0.5 -0.422595  -0.69282
      6 8.87951  19.567 1.31134e-07   -0.323452        -0.8
-6.96713   6.7186  16.9678       0.5 -0.386064  -0.69282
-15.6888  4.76809  9.01765  0.866025 -0.272283      -0.4
-19.3252  2.95555       -1           1    -0.19368 6.99382e-08
-16.3457  3.68305  -11.321  0.866025 -0.170216       0.4
-7.44538  2.74404 -19.6305       0.5 -0.195922   0.69282
      6  4.7599 -21.217 -9.93477e-08    -0.111168          0.8
  19.058  4.82088 -19.0938      -0.5 -0.225778   0.69282
 27.8179  2.86632 -11.0772 -0.866026 -0.259424       0.4
5022
0.0453559
125.028
