12
 31.843 9.91559      -2        -1 -0.367189        -0
28.1853  8.1084 8.24696 -0.866025 -0.282711      -0.5
18.3519 8.62838 15.1153      -0.5 -0.321867 -0.866025
      6 7.85258 18.3499 1.31134e-07    -0.32764          -1
-6.6137 9.52067 15.4781       0.5 -0.353996 -0.866025
-15.394 10.6267 7.88147  0.866025 -0.386743      -0.5
-18.9937  12.6881       -2           1   -0.413189 8.74228e-08
-15.5052  11.5986 -11.9328  0.866025 -0.434591       0.5
-6.19148  12.8102  -18.893       0.5 -0.484331  0.866025
       6  12.2544 -21.3848 -9.93477e-08    -0.440522            1
 18.7675  12.1801 -19.6912     -0.5 -0.51661 0.866025
27.6397 13.8963 -11.995 -0.866026 -0.485771       0.5
539
0.0254991
20.4598
