12
30.2432 5.67793      -2        -1 -0.523425        -0
27.3807 8.09027 7.87531 -0.866025  -0.43994      -0.5
18.9626  7.3428 15.9615      -0.5 -0.348535 -0.866025
      6 7.87201 17.8105 1.31134e-07   -0.360666          -1
-6.70408  9.23549  15.6033       0.5 -0.360278 -0.866025
-14.8677  9.85326  7.63837  0.866025 -0.453426      -0.5
-18.4812  9.34476       -2           1   -0.341719 8.74228e-08
-15.2669  9.62464 -11.8228  0.866025 -0.363412       0.5
-6.00561  9.40851 -18.6355      0.5 -0.39219 0.866025
       6  10.9712 -21.5603 -9.93477e-08    -0.375063            1
  18.174  9.30659 -18.8688      -0.5 -0.374184  0.866025
  26.785  9.29483 -11.6002 -0.866026 -0.337789       0.5
458
1.03432
23.4334
