12
30.4609 11.1076      -2        -1 -0.436662        -0
28.1547 8.83961 8.23281 -0.866025   -0.4113      -0.5
18.2937  10.308 15.0347      -0.5 -0.375207 -0.866025
      6 8.87194 17.8097 1.31134e-07   -0.493818          -1
-6.79494  10.6118  15.7292       0.5 -0.468858 -0.866025
-15.4067   12.671  7.88734  0.866025 -0.423536      -0.5
-18.2073    12.15       -2           1   -0.478534 8.74228e-08
-15.8721  13.5774 -12.1023  0.866025 -0.465493       0.5
-6.26442  13.9093 -18.9941       0.5 -0.534299  0.866025
       6  12.8822 -21.3696 -9.93477e-08    -0.605392            1
18.0161 13.2864  -18.65      -0.5 -0.594217  0.866025
 28.3147  10.9024 -12.3067 -0.866026 -0.661313       0.5
490
1.03276
24.3892
