12
31.0699 9.25664      -2        -1 -0.348015        -0
27.4644 8.77258 7.91398 -0.866025 -0.398432      -0.5
18.9798 9.05623 15.9853      -0.5 -0.339308 -0.866025
      6 8.15086 17.4917 1.31134e-07   -0.336894          -1
-6.9442 10.2763  15.936       0.5 -0.417057 -0.866025
-15.8399  11.4092   8.0874  0.866025 -0.383486      -0.5
-19.4367  12.7852       -2           1   -0.405749 8.74228e-08
-15.2103  12.9913 -11.7966  0.866025 -0.511711       0.5
-6.43862  11.2432 -19.2355       0.5 -0.385473  0.866025
      6 8.74439 -21.432 -9.93477e-08    -0.436149            1
 18.6022  7.49346 -19.4621      -0.5 -0.340925  0.866025
 27.3407  8.43884 -11.8568 -0.866026 -0.230725       0.5
583
1.03472
27.9821
