12
30.0239 7.99786      -2       -1 -0.34285       -0
28.3104  7.6746 8.30474 -0.866025  -0.29137      -0.5
18.4566 6.49115 15.2603      -0.5 -0.240383 -0.866025
      6 7.55124 18.6346 1.31134e-07   -0.349555          -1
-6.17668  8.40377  14.8725       0.5 -0.342117 -0.866025
-15.6157  8.09258  7.98387  0.866025 -0.300538      -0.5
-18.9289   10.541       -2           1   -0.321339 8.74228e-08
-15.1899  9.85277 -11.7872 0.866025 -0.35487      0.5
-6.15236  10.4816 -18.8388       0.5 -0.303885  0.866025
       6  8.57533 -22.5935 -9.93477e-08    -0.284745            1
 18.8261  9.34803 -19.7724      -0.5 -0.365675  0.866025
 27.5622  9.25162 -11.9591 -0.866026 -0.434137       0.5
263
1.03532
15.9686
