12
30.0554 8.92939      -2        -1 -0.327648        -0
27.9549 10.2491 8.14055 -0.866025 -0.391345      -0.5
18.5376  11.725 15.3727      -0.5 -0.457483 -0.866025
      6 12.7801 17.3081 1.31134e-07   -0.579262          -1
-6.5096 12.8589 15.3338       0.5 -0.482798 -0.866025
-14.8605  11.4567  7.63507  0.866025 -0.441445      -0.5
-19.8974  13.7333       -2           1   -0.449219 8.74228e-08
-15.5038  13.6666 -11.9322  0.866025 -0.494456       0.5
 -6.4951  13.5723 -19.3137       0.5 -0.584495  0.866025
       6  13.3431 -21.2084 -9.93477e-08    -0.577501            1
 18.9496  13.4081 -19.9434      -0.5 -0.675786  0.866025
 28.3885   12.001 -12.3408 -0.866026  -0.79255       0.5
795
1.0405
35.4945
