12
30.7727 6.25543      -2       -1 -0.24069       -0
26.8558  6.9199 7.63286 -0.866025 -0.286184      -0.5
18.9155 7.63342 15.8963      -0.5 -0.394497 -0.866025
      6  5.2396 18.6483 1.31134e-07   -0.423782          -1
-6.84845  7.57236  15.8033       0.5 -0.324272 -0.866025
-15.4088  9.56107  7.88828  0.866025 -0.349764      -0.5
-19.5269  9.79558       -2           1   -0.308328 8.74228e-08
-16.0388  10.8556 -12.1793  0.866025 -0.304062       0.5
-6.21593  12.7318 -18.9269       0.5 -0.406861  0.866025
       6  12.5931 -21.3698 -9.93477e-08    -0.480022            1
18.9904 10.1404     -20      -0.5 -0.412715  0.866025
 27.9368  10.3267 -12.1322 -0.866026 -0.513777       0.5
1662
1.02201
67.4717
