12
31.6021 9.00687      -2        -1 -0.332432        -0
27.1576 7.23936 7.77228 -0.866025 -0.375253      -0.5
18.1074 8.83918 14.7766      -0.5 -0.323212 -0.866025
      6 10.0344 17.2384 1.31134e-07   -0.339375          -1
-6.1953 10.1167 14.8983       0.5 -0.355303 -0.866025
-16.4963  12.0184  8.39059  0.866025 -0.430917      -0.5
-19.1972  12.2276       -2           1   -0.405578 8.74228e-08
-15.5833  13.2682 -11.9689  0.866025 -0.453682       0.5
-6.83408  13.3799 -19.7834       0.5 -0.492603  0.866025
      6 12.9819 -22.184 -9.93477e-08     -0.46243            1
 18.5071  11.8862 -19.3304      -0.5 -0.438973  0.866025
 28.1664  9.71873 -12.2382 -0.866026 -0.313834       0.5
222
1.03597
14.9547
