12
30.5882 5.82938      -2       -1 -0.20866       -0
27.7671 6.72664 8.05378 -0.866025 -0.246703      -0.5
18.9932 5.90451  16.004      -0.5 -0.274916 -0.866025
      6 6.94647 18.7008 1.31134e-07   -0.279472          -1
-6.59887  8.29207  15.4575       0.5  -0.34352 -0.866025
-15.7749  9.30863  8.05739  0.866025 -0.431329      -0.5
-19.3551  10.8717       -2           1   -0.415905 8.74228e-08
-16.0498  11.2386 -12.1844  0.866025 -0.332081       0.5
-6.13913  12.7013 -18.8205       0.5 -0.358512  0.866025
       6  13.7593 -21.3414 -9.93477e-08    -0.477445            1
 18.9939  13.4873 -20.0049      -0.5 -0.458307  0.866025
  26.968  11.8254 -11.6847 -0.866026 -0.553703       0.5
331
1.02042
18.8588
