12
30.4986 5.24674      -2        -1 -0.195487        -0
27.1312 4.75489  7.7601 -0.866025 -0.215751      -0.5
18.1005 5.71866  14.767      -0.5 -0.141661 -0.866025
      6 6.71182 18.6403 1.31134e-07   -0.256906          -1
-6.45553  7.74233  15.2589       0.5 -0.361463 -0.866025
-15.1734  10.1377  7.77958 0.866025 -0.27796     -0.5
-18.6678  9.58726       -2           1    -0.29493 8.74228e-08
-15.1691  9.52768 -11.7776  0.866025 -0.289396       0.5
-6.72077  10.0775 -19.6264       0.5 -0.418712  0.866025
       6  8.61884 -21.7101 -9.93477e-08    -0.485185            1
 18.6437  9.60657 -19.5196      -0.5 -0.397624  0.866025
27.3583 7.94293 -11.865 -0.866026 -0.485988       0.5
1822
1.00937
73.6962
