12
30.6501 5.46145      -2        -1 -0.188122        -0
28.5077 5.08378 8.39586 -0.866025 -0.297626      -0.5
18.9768 5.85027 15.9812      -0.5 -0.353768 -0.866025
      6 8.32136 18.5188 1.31134e-07   -0.319627          -1
-6.18624  10.1964  14.8857       0.5 -0.413416 -0.866025
-15.1024  10.5839  7.74677  0.866025 -0.403626      -0.5
-19.5626  12.9387       -2           1   -0.476444 8.74228e-08
-16.2717   10.458 -12.2869  0.866025 -0.383952       0.5
-6.67298  9.27399 -19.5602       0.5 -0.316148  0.866025
       6  9.43607 -21.7027 -9.93477e-08    -0.427587            1
 18.3737  9.59906 -19.1455      -0.5 -0.328423  0.866025
 27.5263  7.11823 -11.9425 -0.866026 -0.304776       0.5
471
1.02435
23.7962
