12
30.1219 11.0628      -2        -1 -0.432871        -0
27.9297 12.4429 8.12888 -0.866025 -0.554126      -0.5
18.8524 13.5215 15.8088      -0.5 -0.521933 -0.866025
      6 13.4855 18.4138 1.31134e-07   -0.543289          -1
-6.01468  12.6069   14.648       0.5 -0.495592 -0.866025
-14.8651  11.1978  7.63717  0.866025 -0.372406      -0.5
-19.3526  13.2051       -2           1   -0.435418 8.74228e-08
-15.0523  11.3694 -11.7237  0.866025 -0.365573       0.5
-6.42977  9.33899 -19.2232       0.5 -0.436123  0.866025
       6  8.02232 -22.1977 -9.93477e-08    -0.339603            1
 18.8781  7.46552 -19.8444      -0.5 -0.364846  0.866025
 26.9876  9.20843 -11.6937 -0.866026 -0.414516       0.5
720
1.02193
33.1888
