12
 30.068 8.04309      -2        -1 -0.292487        -0
28.0835 10.2976 8.19991 -0.866025 -0.333597      -0.5
18.7025 11.8015 15.6011      -0.5 -0.346319 -0.866025
      6 10.0433 18.2355 1.31134e-07   -0.330294          -1
-6.58052  9.48139  15.4321       0.5 -0.253473 -0.866025
-15.4307  9.40816   7.8984  0.866025 -0.374527      -0.5
-18.4586   8.5034       -2           1   -0.255504 8.74228e-08
-14.9964   10.647 -11.6978  0.866025 -0.342924       0.5
-6.00019     11.1  -18.628      0.5 -0.42949 0.866025
       6  8.87606 -21.2746 -9.93477e-08    -0.555377            1
 18.5367  10.6108 -19.3714      -0.5 -0.592763  0.866025
 27.5024  12.0224 -11.9315 -0.866026 -0.590968       0.5
494
0.981398
24.7814
