12
30.4849 4.32665      -2        -1 -0.149371        -0
27.3022 4.00886 7.83906 -0.866025 -0.206059      -0.5
18.5104  4.7761 15.3349      -0.5  -0.27819 -0.866025
      6 5.85576 18.2666 1.31134e-07   -0.385483          -1
-6.23842  7.98516   14.958       0.5 -0.498475 -0.866025
-15.6541  10.3446  8.00159  0.866025 -0.383086      -0.5
-18.0497  11.0436       -2           1   -0.329559 8.74228e-08
-15.8575  13.2882 -12.0956  0.866025 -0.405753       0.5
-6.51623  13.1641  -19.343       0.5 -0.460334  0.866025
       6   13.409 -22.1806 -9.93477e-08    -0.587268            1
 18.8737  12.4568 -19.8383      -0.5 -0.494297  0.866025
 27.9189  11.8203 -12.1239 -0.866026 -0.404359       0.5
1002
1.01859
43.6521
