12
31.0722 8.35844      -2        -1 -0.310479        -0
28.0014 8.11693 8.16199 -0.866025 -0.254569      -0.5
18.3877 9.82541 15.1649      -0.5 -0.353809 -0.866025
      6 11.3953 17.8597 1.31134e-07   -0.444512          -1
-6.07766  13.2679  14.7353       0.5 -0.514542 -0.866025
-15.5451  13.4645  7.95126  0.866025 -0.487043      -0.5
-19.2813   12.426       -2           1   -0.433777 8.74228e-08
-14.8859  13.0265 -11.6468  0.866025 -0.397157       0.5
-6.77446   12.907 -19.7008       0.5 -0.446643  0.866025
       6  12.2331 -21.8066 -9.93477e-08    -0.476801            1
 18.5103  13.3309 -19.3348      -0.5 -0.509911  0.866025
 27.3459  12.8435 -11.8592 -0.866026 -0.381489       0.5
630
1.04152
29.4698
