12
30.1557 10.7177      -2        -1 -0.405953        -0
27.5917  12.038 7.97277 -0.866025 -0.433653      -0.5
18.9553 13.4542 15.9513      -0.5 -0.505828 -0.866025
      6 12.0345  17.471 1.31134e-07   -0.501054          -1
-6.86639  12.1295  15.8282       0.5 -0.527644 -0.866025
-15.3711  13.5836  7.87087  0.866025 -0.494775      -0.5
-18.4562  12.8633       -2           1   -0.429842 8.74228e-08
-16.0919  11.0974 -12.2038  0.866025 -0.403913       0.5
-6.60213  12.3478  -19.462      0.5 -0.50702 0.866025
       6  13.2375 -21.2708 -9.93477e-08    -0.596043            1
18.0457 12.3877 -18.691      -0.5 -0.521027  0.866025
  27.611  11.6904 -11.9817 -0.866026 -0.578264       0.5
155
1.04899
12.3164
