12
30.2505 5.82025      -2        -1 -0.233961        -0
  27.37 4.73703 7.87038 -0.866025 -0.263058      -0.5
18.9491 6.65095 15.9428      -0.5  -0.39217 -0.866025
      6 8.69254 17.4031 1.31134e-07   -0.345562          -1
-6.64534  11.0229  15.5219       0.5 -0.409062 -0.866025
-16.4447  11.0917  8.36679  0.866025 -0.491862      -0.5
-19.1208  11.0471       -2           1   -0.374877 8.74228e-08
-15.6497  10.4551 -11.9996  0.866025 -0.350343       0.5
-6.4065 11.7632 -19.191       0.5 -0.457452  0.866025
       6  11.8383 -21.2074 -9.93477e-08    -0.415817            1
 18.3101  11.6817 -19.0574      -0.5 -0.469354  0.866025
 27.3007  10.8906 -11.8384 -0.866026 -0.598448       0.5
2590
1.03573
102.794
