12
30.9299 7.00421      -2        -1 -0.258072        -0
28.0589 8.38109 8.18857 -0.866025 -0.363005      -0.5
18.9022 7.61843 15.8778      -0.5 -0.270929 -0.866025
      6 8.78902 17.7235 1.31134e-07   -0.346098          -1
-6.65593  9.29689  15.5366       0.5 -0.427741 -0.866025
-15.2535  11.1208  7.81658  0.866025 -0.533713      -0.5
-18.9984  11.6045       -2           1   -0.445441 8.74228e-08
-15.5342  12.2831 -11.9462  0.866025 -0.469784       0.5
-6.16215  10.8993 -18.8524       0.5 -0.517687  0.866025
       6  12.4502 -22.2573 -9.93477e-08    -0.406222            1
 18.3782  10.8157 -19.1518      -0.5 -0.474446  0.866025
 27.8032  10.8074 -12.0705 -0.866026 -0.574217       0.5
123
1.02447
11.3426
