12
30.1749 4.71117      -2        -1 -0.164489        -0
27.0247 6.47343 7.71091 -0.866025 -0.263284      -0.5
18.7465 6.98579 15.6621      -0.5 -0.322563 -0.866025
      6 5.59211 18.4665 1.31134e-07   -0.398732          -1
-6.83584  7.55568  15.7859       0.5  -0.29545 -0.866025
-15.9735  8.69544  8.14912  0.866025 -0.370885      -0.5
-19.0937   10.431       -2           1   -0.370752 8.74228e-08
-14.7917  9.45213 -11.6033  0.866025 -0.285574       0.5
-6.78345   9.3701 -19.7133      0.5 -0.27377 0.866025
       6   9.5874 -22.6485 -9.93477e-08    -0.242063            1
 18.3989  8.40691 -19.1804      -0.5 -0.362673  0.866025
 27.3068  10.1398 -11.8412 -0.866026 -0.358286       0.5
1306
1.00961
54.3445
