12
 31.134 9.30853      -2        -1 -0.355698        -0
26.8762 7.74447 7.64229 -0.866025 -0.375207      -0.5
 18.654 9.38996 15.5339      -0.5   -0.3322 -0.866025
      6  7.0819 17.5184 1.31134e-07   -0.228559          -1
-6.93694  7.66036   15.926       0.5 -0.310993 -0.866025
-15.4171  8.32314  7.89213  0.866025 -0.361346      -0.5
-18.1516  8.88617       -2           1   -0.256916 8.74228e-08
-15.3155  10.1308 -11.8452  0.866025 -0.345463       0.5
-6.45436  11.0635 -19.2573       0.5 -0.361766  0.866025
       6  11.9342 -21.6636 -9.93477e-08    -0.382273            1
 18.1682  9.66776 -18.8607      -0.5 -0.471187  0.866025
 27.6775  9.12573 -12.0124 -0.866026 -0.584064       0.5
138
1.02213
11.6411
