12
30.0746 9.19547      -2        -1 -0.359477        -0
27.5589 10.9867 7.95762 -0.866025 -0.440827      -0.5
18.0169 12.7899  14.651      -0.5 -0.478257 -0.866025
      6 12.1453 18.3561 1.31134e-07   -0.524354          -1
-6.47009  11.4908  15.2791       0.5 -0.465038 -0.866025
-14.9251  9.49452   7.6649  0.866025 -0.482877      -0.5
-18.7421   11.065       -2           1   -0.390539 8.74228e-08
-14.8276  11.7443 -11.6199  0.866025 -0.366739       0.5
-6.24021  9.55406 -18.9605       0.5 -0.444534  0.866025
       6  8.47327 -22.0068 -9.93477e-08    -0.315028            1
 18.1159  6.44007 -18.7883      -0.5 -0.190477  0.866025
 28.1349  5.95672 -12.2237 -0.866026 -0.117247       0.5
159
1.03147
12.2348
