12
31.6819  11.027      -2        -1 -0.407079        -0
27.4371 9.48772 7.90138 -0.866025  -0.38352      -0.5
18.0294 7.25934 14.6684      -0.5 -0.412188 -0.866025
      6 5.61097  18.262 1.31134e-07   -0.352287          -1
-6.07815    8.003   14.736       0.5 -0.368517 -0.866025
-15.1499   9.9286  7.76874  0.866025 -0.485468      -0.5
-19.2561  11.6865       -2           1   -0.378636 8.74228e-08
-15.1006  13.8757 -11.7459  0.866025 -0.494341       0.5
-6.75551  12.3728 -19.6746       0.5 -0.413107  0.866025
       6  12.5471 -21.7827 -9.93477e-08    -0.473521            1
 18.8848  10.7789 -19.8537      -0.5 -0.600786  0.866025
 28.2469  12.8472 -12.2754 -0.866026 -0.529665       0.5
321
1.02254
18.7033
