12
 30.729 11.0192      -2        -1 -0.413145        -0
27.3074 11.8202 7.84148 -0.866025 -0.481868      -0.5
18.4429 12.7695 15.2414      -0.5 -0.559909 -0.866025
      6 13.0471 17.7892 1.31134e-07   -0.603594          -1
-6.66436  12.2623  15.5482       0.5 -0.504908 -0.866025
-15.8859  11.5017  8.10864  0.866025 -0.389913      -0.5
-18.1777  11.9719       -2           1   -0.487851 8.74228e-08
-15.1638  12.1616 -11.7751  0.866025 -0.471372       0.5
-6.31614  11.9363 -19.0658       0.5 -0.485701  0.866025
       6  12.1226 -22.3822 -9.93477e-08    -0.509077            1
 18.9953  11.7117 -20.0069      -0.5 -0.478087  0.866025
 27.2729  12.0189 -11.8255 -0.866026 -0.515687       0.5
235
1.04727
15.505
