12
30.7111 6.80614      -2        -1 -0.261291        -0
27.4696 8.98824 7.91636 -0.866025 -0.289661      -0.5
18.6791 8.67622 15.5687      -0.5 -0.298374 -0.866025
      6 7.97997 17.4201 1.31134e-07   -0.262658          -1
-6.63582  7.09764  15.5087       0.5 -0.340095 -0.866025
-15.5655  8.71392  7.96068  0.866025 -0.364058      -0.5
-19.1451  10.8919       -2           1   -0.424015 8.74228e-08
-15.7295   11.348 -12.0364  0.866025 -0.320583       0.5
-6.50188  10.4945 -19.3231       0.5 -0.412298  0.866025
       6  11.5261 -21.5832 -9.93477e-08    -0.497572            1
 18.2163  9.94185 -18.9274      -0.5 -0.367489  0.866025
 27.7303  8.08193 -12.0368 -0.866026 -0.442584       0.5
763
1.02321
34.3907
