12
30.7319 11.5456      -2        -1 -0.421683        -0
28.0778 9.75862 8.19729 -0.866025 -0.481629      -0.5
  18.29 11.4305 15.0295      -0.5 -0.530519 -0.866025
      6 10.4778 17.4509 1.31134e-07   -0.485067          -1
-6.67399  12.8968  15.5616       0.5 -0.446227 -0.866025
-16.3466   10.688  8.32144  0.866025 -0.427998      -0.5
-18.3441  10.3413       -2           1    -0.34572 8.74228e-08
-16.4197  12.3186 -12.3552  0.866025 -0.431418       0.5
-6.40856   13.151 -19.1938       0.5 -0.389309  0.866025
      6 13.6672 -22.596 -9.93477e-08    -0.518509            1
 18.3709  13.2638 -19.1416      -0.5 -0.433421  0.866025
  27.617  13.6113 -11.9845 -0.866026 -0.544036       0.5
347
1.02705
19.0493
