12
30.2584 11.8054      -2        -1 -0.449489        -0
28.3111 11.3476 8.30505 -0.866025 -0.533913      -0.5
18.3938 12.6379 15.1733      -0.5 -0.536567 -0.866025
      6 11.9548 18.2463 1.31134e-07   -0.482395          -1
-6.43299  13.8409  15.2277       0.5 -0.552263 -0.866025
-15.4412  11.4178  7.90325  0.866025 -0.431199      -0.5
-19.787 11.3073      -2           1    -0.37112 8.74228e-08
-15.9447  13.4055 -12.1358  0.866025 -0.467707       0.5
-6.46551    12.97 -19.2727       0.5 -0.367376  0.866025
       6  12.0787 -21.7333 -9.93477e-08    -0.460226            1
 18.0915  13.7472 -18.7544      -0.5 -0.564576  0.866025
 28.4705  11.9558 -12.3787 -0.866026 -0.505009       0.5
118
1.04462
10.9455
