12
30.8039 8.70395      -2        -1 -0.325154        -0
28.2891 9.03874 8.29488 -0.866025  -0.29292      -0.5
18.3153 7.99983 15.0646      -0.5 -0.206176 -0.866025
      6  8.9223 17.6791 1.31134e-07   -0.335179          -1
-6.31283  8.48731  15.0612       0.5 -0.291161 -0.866025
-16.3059  9.80265  8.30267  0.866025 -0.395104      -0.5
-18.6896   10.389       -2           1   -0.342779 8.74228e-08
-15.5325  11.9904 -11.9454  0.866025 -0.394361       0.5
-6.72299  11.7676 -19.6295       0.5 -0.422856  0.866025
       6  11.8456 -22.1243 -9.93477e-08     -0.36829            1
 18.8363  11.3331 -19.7866      -0.5 -0.368488  0.866025
 27.5606  12.1607 -11.9584 -0.866026  -0.31525       0.5
510
1.02097
25.4749
