12
30.7365 9.11328      -2        -1 -0.342688        -0
27.3437 10.2517 7.85824 -0.866025  -0.42475      -0.5
18.8627 8.94079 15.8231      -0.5 -0.389046 -0.866025
      6 11.2186 18.7817 1.31134e-07   -0.461238          -1
-6.72219  10.0959  15.6284       0.5  -0.39092 -0.866025
-16.3825  12.3721  8.33804  0.866025 -0.446466      -0.5
-18.2504  10.4044       -2           1   -0.414756 8.74228e-08
-14.8554  10.3111 -11.6327  0.866025 -0.384894       0.5
-6.13304  11.6602  -18.812       0.5 -0.483609  0.866025
       6  13.1714 -21.5112 -9.93477e-08    -0.486572            1
 18.281 11.5502 -19.017      -0.5 -0.510203  0.866025
27.0292 9.38348 -11.713 -0.866026 -0.587078       0.5
527
1.04249
25.642
