12
30.9041 6.28641      -2        -1 -0.240015        -0
27.5738 8.20167 7.96453 -0.866025 -0.311347      -0.5
18.8915 9.28883 15.8629      -0.5 -0.280995 -0.866025
      6 8.99508  17.314 1.31134e-07   -0.357368          -1
-6.68707  11.0062  15.5797       0.5 -0.359223 -0.866025
-16.4681  13.0891  8.37758  0.866025 -0.480051      -0.5
-18.9942  13.4434       -2           1    -0.51283 8.74228e-08
-16.2229  12.9247 -12.2643  0.866025 -0.451685       0.5
-6.10181  13.3164 -18.7688       0.5 -0.541746  0.866025
       6  13.2563 -22.3888 -9.93477e-08    -0.525452            1
 18.2515  13.0495 -18.9761      -0.5 -0.528652  0.866025
 28.3016  10.9523 -12.3007 -0.866026 -0.408421       0.5
2095
1.03786
85.4021
