12
 31.467 6.73445      -2        -1 -0.243323        -0
27.1381 5.99003 7.76326 -0.866025 -0.142968      -0.5
18.4941 5.22665 15.3123       -0.5 -0.0836469  -0.866025
      6 5.10907 17.6148 1.31134e-07   -0.105211          -1
-6.4898 6.78188 15.3064       0.5 -0.219333 -0.866025
-15.1422  8.35317  7.76518  0.866025 -0.296793      -0.5
-19.2137  8.37253       -2           1   -0.308471 8.74228e-08
-15.3641   9.9504 -11.8677  0.866025 -0.407706       0.5
-6.15306  10.7993 -18.8398       0.5 -0.394448  0.866025
       6  13.2522 -22.1212 -9.93477e-08    -0.414496            1
 18.1241  11.9291 -18.7996     -0.5 -0.39011 0.866025
 27.6999  12.2704 -12.0227 -0.866026 -0.423879       0.5
490
1.00647
24.566
