12
30.5064  8.5487      -2        -1 -0.329882        -0
27.9319 9.22496 8.12993 -0.866025 -0.417229      -0.5
18.5782 10.7368 15.4289      -0.5 -0.526045 -0.866025
      6  12.415 17.7818 1.31134e-07   -0.481529          -1
-6.02449  10.6266  14.6616       0.5 -0.447188 -0.866025
-15.7429  11.7485  8.04261  0.866025 -0.410823      -0.5
-18.9624  12.2325       -2           1   -0.400052 8.74228e-08
-15.8805  13.1491 -12.1062  0.866025 -0.513385       0.5
-6.03391  11.2623 -18.6747      0.5 -0.38686 0.866025
       6  13.4384 -21.6466 -9.93477e-08    -0.483277            1
 18.4836  12.9692 -19.2978      -0.5 -0.577781  0.866025
 28.5029  13.9511 -12.3936 -0.866026 -0.646871       0.5
266
1.03838
16.1543
