12
30.1648  6.4771      -2        -1 -0.249239        -0
28.1656 8.19761 8.23784 -0.866025 -0.297528      -0.5
18.5711 8.52011  15.419      -0.5 -0.409624 -0.866025
      6 9.20112 18.2374 1.31134e-07   -0.377772          -1
-6.11059   8.6911  14.7809       0.5 -0.333566 -0.866025
-15.3753  9.12867  7.87285  0.866025 -0.428731      -0.5
-19.9531  11.0164       -2           1     -0.3804 8.74228e-08
-14.9267  12.1846 -11.6656  0.866025 -0.395302       0.5
-6.67082   11.575 -19.5572       0.5 -0.401531  0.866025
       6  11.6775 -22.4954 -9.93477e-08    -0.515926            1
 18.6102  9.69708 -19.4732      -0.5 -0.385237  0.866025
  27.024  7.94889 -11.7106 -0.866026 -0.506781       0.5
374
1.03864
20.3082
