12
30.2981 10.5592      -2       -1 -0.70105       -0
28.4223 12.2539 8.35642 -0.866025  -0.74395      -0.5
18.1986 12.8348 14.9028      -0.5 -0.861042 -0.866025
      6 12.7231 18.7906 1.31134e-07   -0.923172          -1
-6.95489  10.6307  15.9508       0.5 -0.846342 -0.866025
-16.2434  9.62345  8.27379  0.866025 -0.847301      -0.5
-18.476  10.379      -2           1   -0.751721 8.74228e-08
-15.7209   10.858 -12.0325  0.866025 -0.717009       0.5
-6.18103  9.84344 -18.8785       0.5 -0.673973  0.866025
      6 10.2894 -22.296 -9.93477e-08    -0.716454            1
 18.5351  12.0551 -19.3691     -0.5 -0.79808 0.866025
 27.9978  11.7211 -12.1604 -0.866026 -0.778027       0.5
122
0.172089
4.5367
