12
30.4376 10.3879      -2        -1 -0.725949        -0
27.7428  7.9452 8.04258 -0.866025 -0.833071      -0.5
18.6397 9.43718 15.5141      -0.5 -0.940201 -0.866025
      6 11.2227 17.8993 1.31134e-07   -0.869838          -1
-6.16242  12.2954  14.8527       0.5 -0.803729 -0.866025
-15.7841   13.292  8.06164  0.866025 -0.833208      -0.5
-19.9575  10.9815       -2           1   -0.751824 8.74228e-08
   -14.9  10.4548 -11.6533  0.866025 -0.721158       0.5
-6.39854  10.7713 -19.1799       0.5 -0.755039  0.866025
       6  10.1942 -21.8645 -9.93477e-08    -0.698546            1
 18.9489  8.85201 -19.9426      -0.5 -0.701695  0.866025
 27.0981  10.7987 -11.7448 -0.866026 -0.694052       0.5
82
0.172908
4.17846
