12
30.0555 10.2712      -2       -1 -0.66632       -0
28.3068 8.14126 8.30305 -0.866025  -0.72378      -0.5
18.2163 10.2513 14.9274      -0.5 -0.731648 -0.866025
      6 9.75772 17.8019 1.31134e-07   -0.800962          -1
-6.20118  10.5659  14.9064       0.5 -0.898129 -0.866025
-15.5978  12.7281  7.97558  0.866025 -0.928318      -0.5
-19.1336  12.2379       -2           1   -0.834857 8.74228e-08
 -16.247  11.8506 -12.2754 0.866025  -0.7371      0.5
-6.90205  13.3079 -19.8776       0.5 -0.676957  0.866025
      6 12.2077 -21.992 -9.93477e-08    -0.673603            1
 18.7387  13.6233 -19.6513      -0.5 -0.573811  0.866025
 27.6146   11.689 -11.9833 -0.866026   -0.5919       0.5
178
0.178073
5.09823
