12
30.0032 11.1232      -2        -1 -0.624914        -0
 27.844 13.0019 8.08933 -0.866025 -0.719678      -0.5
   18.5 13.6627 15.3205      -0.5 -0.694533 -0.866025
      6 13.2246 17.3207 1.31134e-07    -0.57558          -1
-6.46309  12.2604  15.2694       0.5 -0.683772 -0.866025
-16.316 9.77291 8.30732  0.866025 -0.596155      -0.5
-18.0318  10.0881       -2           1   -0.644895 8.74228e-08
-16.0789  10.7367 -12.1978  0.866025 -0.708081       0.5
 -6.0143  11.2715 -18.6475       0.5 -0.731521  0.866025
       6  12.4125 -22.5093 -9.93477e-08    -0.639842            1
 18.4781  11.1463 -19.2902      -0.5 -0.525195  0.866025
27.3389 11.8653 -11.856 -0.866026 -0.633633       0.5
79
0.172514
4.16232
