12
30.2159 10.9191      -2        -1 -0.734479        -0
27.4011 9.09509 7.88475 -0.866025 -0.824099      -0.5
18.4363 7.87296 15.2322      -0.5 -0.933344 -0.866025
      6 7.85856 17.3585 1.31134e-07   -0.863593          -1
-6.24501  8.90716  14.9672       0.5 -0.777956 -0.866025
-14.8246  7.24134  7.61846  0.866025 -0.711365      -0.5
-19.7759  8.90951       -2           1   -0.646831 8.74228e-08
-16.2793  10.4063 -12.2904  0.866025 -0.768591       0.5
-6.98123  12.5951 -19.9873       0.5 -0.766818  0.866025
       6  13.7252 -21.5667 -9.93477e-08    -0.750122            1
 18.3186  13.7154 -19.0691      -0.5 -0.635737  0.866025
 27.4512  12.6458 -11.9079 -0.866026  -0.64541       0.5
258
0.163462
5.80098
