12
30.1379 11.5336      -2        -1 -0.763888        -0
27.4973 12.1764 7.92919 -0.866025 -0.653926      -0.5
18.7651 12.4187 15.6878      -0.5 -0.669359 -0.866025
      6 13.5522 18.3494 1.31134e-07   -0.708067          -1
-6.24293  12.3285  14.9643       0.5 -0.590978 -0.866025
-16.1924  13.6727  8.25022  0.866025 -0.644886      -0.5
-18.3767  13.5765       -2           1   -0.704831 8.74228e-08
-15.1564  12.4462 -11.7717  0.866025 -0.686041       0.5
 -6.4258  12.3796 -19.2177       0.5 -0.704531  0.866025
      6  13.296 -21.351 -9.93477e-08    -0.579582            1
  18.264  11.4307 -18.9935      -0.5 -0.630327  0.866025
 27.6674  13.6071 -12.0077 -0.866026 -0.705527       0.5
154
0.174547
4.85282
