12
30.5119 11.2595      -2        -1 -0.772213        -0
28.3425 11.2718 8.31954 -0.866025 -0.709624      -0.5
18.3017 10.4896 15.0458      -0.5 -0.735823 -0.866025
      6 10.3008 18.7148 1.31134e-07   -0.632698          -1
-6.18012  11.7546  14.8773       0.5 -0.692751 -0.866025
-15.915 11.4976 8.12209  0.866025 -0.686179      -0.5
-18.3565  12.1678       -2           1   -0.617605 8.74228e-08
-15.2457  10.9575  -11.813  0.866025 -0.628808       0.5
-6.32405  11.5512 -19.0767       0.5 -0.665704  0.866025
       6  13.1926 -22.1943 -9.93477e-08    -0.661846            1
 18.5887  11.6888 -19.4434     -0.5 -0.66414 0.866025
 27.1997  12.4631 -11.7917 -0.866026 -0.620117       0.5
134
0.176994
4.66686
