12
30.0704 8.26348      -2        -1 -0.620373        -0
27.2628 7.14305 7.82089 -0.866025 -0.595555      -0.5
18.4155 9.00385 15.2034      -0.5 -0.595022 -0.866025
      6 7.94227 17.3695 1.31134e-07   -0.556739          -1
-6.83608  10.3997  15.7862       0.5 -0.436812 -0.866025
-15.637 10.6891 7.99371 0.866025 -0.47708     -0.5
-18.6044  12.7846       -2           1   -0.414814 8.74228e-08
-15.0117  13.6562 -11.7049  0.866025 -0.420382       0.5
 -6.8487  11.3495 -19.8037       0.5 -0.511093  0.866025
      6 13.7307 -21.992 -9.93477e-08    -0.631239            1
 18.8169  12.9522 -19.7596     -0.5 -0.67171 0.866025
 27.5444  12.1454 -11.9509 -0.866026 -0.789821       0.5
175
0.171765
5.08519
