12
30.0158 10.6853      -2       -1 -0.68814       -0
26.8942 9.05729 7.65062 -0.866025 -0.712375      -0.5
18.1655 7.12436  14.857      -0.5 -0.802999 -0.866025
      6 6.95159 18.3923 1.31134e-07   -0.729397          -1
-6.92268  9.26712  15.9062       0.5 -0.732542 -0.866025
 -14.91 10.8642 7.65794  0.866025 -0.827994      -0.5
-19.0169  10.5049       -2           1   -0.731596 8.74228e-08
-14.9435  10.5211 -11.6734  0.866025 -0.795804       0.5
-6.30953  11.9571 -19.0566      0.5 -0.85751 0.866025
       6  9.75637 -21.2985 -9.93477e-08    -0.802818            1
 18.6385  10.4073 -19.5125     -0.5 -0.89373 0.866025
 28.2278  9.87521 -12.2666 -0.866026 -0.822891       0.5
258
0.174841
5.86171
