12
30.3818 7.99128      -2        -1 -0.610523        -0
27.2932 10.0924 7.83493 -0.866025 -0.584965      -0.5
18.2799 9.39028 15.0155      -0.5 -0.656554 -0.866025
      6 10.1769  18.492 1.31134e-07   -0.613044          -1
-6.44685  11.5493  15.2469       0.5 -0.680896 -0.866025
-16.2988  10.9764   8.2994  0.866025 -0.696962      -0.5
-19.4018  9.29116       -2           1   -0.635692 8.74228e-08
-15.2101  11.2513 -11.7966  0.866025 -0.696256       0.5
-6.09825  11.6221 -18.7638      0.5 -0.75345 0.866025
      6 10.0372 -22.543 -9.93477e-08    -0.767987            1
 18.3783  8.28312 -19.1519      -0.5 -0.828264  0.866025
 27.4499  6.46955 -11.9073 -0.866026 -0.843182       0.5
155
0.172737
4.89073
