12
30.4602 9.05039      -2        -1 -0.653079        -0
27.6611 7.41268 8.00481 -0.866025 -0.633478      -0.5
18.9075 8.34128 15.8851      -0.5 -0.537755 -0.866025
      6 9.23602 17.2937 1.31134e-07    -0.50416          -1
-6.18407  7.95134  14.8827       0.5 -0.478552 -0.866025
-15.5704  8.13756  7.96295  0.866025 -0.563974      -0.5
-19.7338  9.50317       -2           1   -0.663108 8.74228e-08
-14.9155  10.1507 -11.6605  0.866025 -0.769251       0.5
-6.37149  11.5025 -19.1424       0.5 -0.704314  0.866025
       6  13.4978 -22.3552 -9.93477e-08    -0.590902            1
 18.2583  11.7449 -18.9857      -0.5 -0.467918  0.866025
 26.8958  12.4418 -11.6513 -0.866026 -0.482946       0.5
99
0.173318
4.33494
