12
30.0606 11.2618      -2        -1 -0.671337        -0
27.3875 9.73913 7.87849 -0.866025 -0.637638      -0.5
 18.229 11.0013  14.945      -0.5 -0.693709 -0.866025
      6 12.7562 17.9017 1.31134e-07   -0.681176          -1
-6.21032  10.7129  14.9191       0.5  -0.59922 -0.866025
-16.1138  11.5653  8.21391  0.866025 -0.600082      -0.5
-19.8729  11.6857       -2           1   -0.693625 8.74228e-08
 -16.466  11.3267 -12.3766  0.866025 -0.619494       0.5
-6.18743  9.66988 -18.8874       0.5 -0.705555  0.866025
      6 10.3167 -22.292 -9.93477e-08    -0.768667            1
 18.4384  12.0734 -19.2352      -0.5 -0.646202  0.866025
 28.1454  11.3785 -12.2285 -0.866026 -0.692431       0.5
50
0.176099
3.86676
