12
30.1876 10.5559      -2      -1 -0.7227      -0
28.4556 9.53323 8.37181 -0.866025 -0.638328      -0.5
18.3913 8.05287 15.1699      -0.5 -0.580092 -0.866025
      6 6.62572 17.6805 1.31134e-07   -0.562084          -1
-6.35327  7.65471  15.1172       0.5 -0.586346 -0.866025
-15.7091  6.73457  8.02701  0.866025 -0.487788      -0.5
-18.1314  8.22965       -2           1   -0.481781 8.74228e-08
-16.0621  7.29232 -12.1901  0.866025 -0.485172       0.5
-6.81556  6.68017 -19.7578       0.5 -0.597027  0.866025
       6  8.01593 -22.0447 -9.93477e-08     -0.60587            1
 18.0295  9.55711 -18.6685     -0.5 -0.61041 0.866025
  27.258  12.0459 -11.8186 -0.866026 -0.579821       0.5
123
0.175981
4.7189
