12
30.0346 8.48195      -2        -1 -0.696602        -0
27.4746 9.29646  7.9187 -0.866025 -0.684417      -0.5
18.8247 8.82771 15.7704      -0.5 -0.675612 -0.866025
      6 11.2132 17.5327 1.31134e-07   -0.556657          -1
-6.50793  11.7577  15.3315       0.5  -0.50187 -0.866025
-14.8618  10.5405  7.63565  0.866025 -0.625356      -0.5
-18.0423  12.5791       -2           1   -0.726285 8.74228e-08
-15.8184  11.1559 -12.0775  0.866025 -0.620329       0.5
-6.77725  10.2563 -19.7047       0.5 -0.665598  0.866025
       6  9.85714 -22.3143 -9.93477e-08    -0.614015            1
 18.3743  9.44656 -19.1464      -0.5 -0.662823  0.866025
 28.1023   8.2406 -12.2086 -0.866026 -0.754232       0.5
62
0.177569
3.97259
