12
30.1372 11.0904      -2        -1 -0.690489        -0
28.2712 11.5644 8.28662 -0.866025 -0.560323      -0.5
18.3504 13.0652 15.1132      -0.5 -0.643342 -0.866025
      6 13.6821 17.2081 1.31134e-07   -0.549734          -1
-6.4834 12.1167 15.2975       0.5 -0.533575 -0.866025
-16.1101  12.3845  8.21221  0.866025 -0.456673      -0.5
-19.7375   12.365       -2           1   -0.522195 8.74228e-08
 -16.499  13.7886 -12.3919 0.866025  -0.6357      0.5
-6.17879  12.1886 -18.8754       0.5 -0.752216  0.866025
       6  13.7409 -22.0101 -9.93477e-08    -0.849785            1
18.5162 12.1886 -19.343      -0.5 -0.741848  0.866025
27.3561 12.8984 -11.864 -0.866026 -0.690715       0.5
54
0.167895
4.00168
