12
30.0988 11.5369      -2        -1 -0.763762        -0
27.7545 13.3177 8.04796 -0.866025 -0.859153      -0.5
18.9584 11.4038 15.9556      -0.5 -0.947062 -0.866025
     6 12.191 18.359 1.31134e-07   -0.966064          -1
-6.06636  13.5147  14.7196       0.5  -1.00938 -0.866025
-15.5849  11.1431  7.96965  0.866025 -0.940293      -0.5
-18.4047  10.6831       -2           1   -0.834626 8.74228e-08
-14.8301  12.8639  -11.621  0.866025 -0.813715       0.5
 -6.0353  11.6758 -18.6766       0.5 -0.853363  0.866025
       6  9.62767 -22.5078 -9.93477e-08    -0.847002            1
 18.7358  11.3868 -19.6473      -0.5 -0.794638  0.866025
 27.6803  12.8428 -12.0137 -0.866026 -0.787565       0.5
46
0.174262
3.82219
