12
30.3632 10.1242      -2        -1 -0.729272        -0
27.3575  12.585  7.8646 -0.866025 -0.610297      -0.5
18.3224 13.8014 15.0745      -0.5 -0.678426 -0.866025
      6 13.6804 18.1807 1.31134e-07   -0.614263          -1
-6.39059  13.7714  15.1689       0.5 -0.592254 -0.866025
-15.874 13.4692 8.10316  0.866025 -0.537648      -0.5
-18.1309  12.2231       -2           1   -0.504951 8.74228e-08
-15.8359  11.8489 -12.0856 0.866025 -0.48091      0.5
-6.19934  12.9582 -18.9039       0.5 -0.512316  0.866025
       6  12.3287 -21.9513 -9.93477e-08    -0.478921            1
 18.8289  11.9313 -19.7762      -0.5 -0.355231  0.866025
28.1249 10.5275 -12.219 -0.866026 -0.471063       0.5
178
0.165515
5.07962
