12
30.0086 8.93604      -2        -1 -0.702429        -0
27.7231 9.01608 8.03347 -0.866025 -0.680481      -0.5
18.0345 7.23067 14.6756      -0.5 -0.628554 -0.866025
      6 6.19707 17.4186 1.31134e-07   -0.648421          -1
-6.1728 5.83016 14.8671       0.5  -0.71617 -0.866025
-15.6713  7.07369  8.00954  0.866025 -0.623382      -0.5
-19.3025  8.76618       -2           1   -0.716448 8.74228e-08
-15.0262  9.99533 -11.7116  0.866025 -0.817055       0.5
-6.37057   10.712 -19.1412       0.5 -0.879744  0.866025
      6 9.40989 -22.406 -9.93477e-08    -0.758137            1
 18.0925  7.57155 -18.7558      -0.5 -0.867396  0.866025
 27.0996  9.16276 -11.7455 -0.866026 -0.873263       0.5
265
0.165275
5.84881
