12
30.2969 8.82663      -2        -1 -0.676821        -0
28.3759 9.01745 8.33499 -0.866025 -0.752544      -0.5
18.7419 11.3585 15.6556      -0.5 -0.751713 -0.866025
      6 12.2683 18.4641 1.31134e-07   -0.858389          -1
-6.53763  13.8882  15.3726       0.5 -0.754666 -0.866025
-16.0446  11.5425  8.18199  0.866025 -0.681755      -0.5
-19.6597  11.3745       -2           1   -0.810773 8.74228e-08
-15.0645  12.6935 -11.7293  0.866025 -0.878455       0.5
-6.74437  11.5643 -19.6591       0.5 -0.841705  0.866025
       6  12.5336 -22.4434 -9.93477e-08    -0.722113            1
 18.8295    12.02 -19.7771      -0.5 -0.724086  0.866025
 28.4845  13.6801 -12.3851 -0.866026 -0.844903       0.5
187
0.169206
5.07575
