12
30.2283 10.6578      -2       -1 -0.63215       -0
27.3356 11.4815 7.85449 -0.866025 -0.641414      -0.5
  18.67 13.7835 15.5561      -0.5 -0.668986 -0.866025
      6 12.1783 18.1145 1.31134e-07   -0.760038          -1
-6.38471  13.4759  15.1607       0.5   -0.6957 -0.866025
-14.9967  11.2889  7.69794  0.866025 -0.675266      -0.5
-18.6252  10.7394       -2           1   -0.652801 8.74228e-08
-16.2943  11.2619 -12.2973  0.866025 -0.661743       0.5
-6.04843  13.7217 -18.6948       0.5 -0.777353  0.866025
       6  13.1298 -22.2994 -9.93477e-08    -0.714957            1
 18.3267  11.6095 -19.0804      -0.5 -0.719006  0.866025
 27.9432  11.2627 -12.1351 -0.866026  -0.75005       0.5
106
0.17476
4.40254
