12
30.1371 9.19882      -2        -1 -0.672717        -0
28.0182 10.2267 8.16975 -0.866025 -0.623621      -0.5
18.6594 11.7943 15.5414      -0.5 -0.635944 -0.866025
      6 12.1522 18.3351 1.31134e-07   -0.631268          -1
-6.24363  12.6043  14.9653       0.5 -0.573978 -0.866025
-15.2414  12.1687  7.81099  0.866025 -0.519649      -0.5
-19.702 12.6395      -2           1   -0.446432 8.74228e-08
-15.7979  11.1324  -12.068 0.866025 -0.56577      0.5
-6.44548  11.1303  -19.245       0.5 -0.653255  0.866025
       6  9.17074 -22.2113 -9.93477e-08    -0.766695            1
 18.9944  11.1561 -20.0056      -0.5 -0.651554  0.866025
 27.6861  13.0306 -12.0164 -0.866026 -0.684057       0.5
254
0.167673
5.80908
