12
30.0103 9.54722      -2        -1 -0.608877        -0
28.2681 12.0186  8.2852 -0.866025 -0.666257      -0.5
18.1533 11.5166 14.8401      -0.5 -0.761982 -0.866025
      6 12.6103 18.6193 1.31134e-07    -0.66745          -1
-6.71751  12.6393  15.6219       0.5 -0.741903 -0.866025
-15.9569   12.537  8.14148  0.866025 -0.663437      -0.5
-18.5873  11.4412       -2           1   -0.731835 8.74228e-08
-16.4759  10.7806 -12.3812  0.866025 -0.717166       0.5
-6.31288  11.4919 -19.0612       0.5 -0.699133  0.866025
      6 11.3418 -22.479 -9.93477e-08    -0.783616            1
 18.3592  13.1195 -19.1255      -0.5 -0.668563  0.866025
 27.6198  13.0217 -11.9858 -0.866026 -0.664215       0.5
102
0.173293
4.39983
