12
30.1767 10.3284      -2        -1 -0.673757        -0
27.6804 11.2304 8.01374 -0.866025 -0.784111      -0.5
18.9945  12.134 16.0057      -0.5 -0.657571 -0.866025
      6 10.7281 18.0591 1.31134e-07   -0.592667          -1
-6.14843  8.55297  14.8334       0.5  -0.53741 -0.866025
-15.6764  10.3733  8.01189  0.866025 -0.592846      -0.5
-18.1541  10.1769       -2           1   -0.483551 8.74228e-08
 -15.504  8.97377 -11.9323  0.866025 -0.605351       0.5
-6.37083  11.0146 -19.1415       0.5 -0.580838  0.866025
       6  11.9273 -22.3187 -9.93477e-08     -0.48963            1
 18.1219  9.47199 -18.7966      -0.5 -0.482138  0.866025
 28.4809  9.53371 -12.3835 -0.866026 -0.385268       0.5
139
0.173823
4.68108
