12
30.1937 9.52108      -2        -1 -0.669455        -0
28.1503 11.5013 8.23077 -0.866025 -0.633547      -0.5
18.0774 10.8401  14.735      -0.5  -0.71868 -0.866025
      6 10.5499 18.7407 1.31134e-07   -0.715737          -1
-6.15276  12.5948  14.8394       0.5 -0.747927 -0.866025
-16.0168  12.8096  8.16914 0.866025 -0.66456     -0.5
-19.7879  12.7324       -2           1   -0.663637 8.74228e-08
-16.1646  13.7952 -12.2374  0.866025 -0.729013       0.5
-6.39833  11.8989 -19.1796       0.5 -0.677085  0.866025
       6  12.4098 -22.3146 -9.93477e-08     -0.74888            1
 18.3086  11.3967 -19.0553     -0.5 -0.80725 0.866025
 27.2927  10.2629 -11.8347 -0.866026 -0.696135       0.5
63
0.178104
4.06386
