12
30.1921 10.7687      -2        -1 -0.755428        -0
 27.853 12.3633 8.09346 -0.866025 -0.631815      -0.5
 18.424 12.0098 15.2152      -0.5 -0.604218 -0.866025
      6 12.7374 17.5052 1.31134e-07   -0.696409          -1
-6.89129  13.5693  15.8627       0.5 -0.577026 -0.866025
-16.4151  12.1914  8.35307  0.866025 -0.692068      -0.5
-18.5663  12.3059       -2           1   -0.774674 8.74228e-08
-16.1489  13.2303 -12.2301  0.866025 -0.852875       0.5
-6.45272  11.6274  -19.255       0.5 -0.730368  0.866025
      6 10.2833 -22.117 -9.93477e-08    -0.711734            1
 18.5108    11.96 -19.3355      -0.5 -0.647925  0.866025
 28.4844  11.0897 -12.3851 -0.866026  -0.77225       0.5
158
0.172976
4.96365
