12
30.0608 9.02935      -2        -1 -0.755827        -0
28.0641 10.5193 8.19097 -0.866025 -0.731272      -0.5
18.2512 10.6748 14.9757      -0.5 -0.752119 -0.866025
      6 13.1036 18.4092 1.31134e-07    -0.81102          -1
-6.1692 11.1496 14.8621       0.5 -0.742098 -0.866025
-14.8239  11.7132  7.61815 0.866025 -0.81041     -0.5
-19.5059  10.4581       -2           1   -0.751818 8.74228e-08
-15.1137  8.72393  -11.752  0.866025 -0.645989       0.5
-6.22654  9.49674 -18.9416       0.5 -0.623768  0.866025
       6  8.84859 -22.4863 -9.93477e-08    -0.650098            1
 18.2104  10.4199 -18.9193      -0.5 -0.774369  0.866025
 28.0001  10.2459 -12.1614 -0.866026 -0.858797       0.5
102
0.180045
4.38631
