12
30.1253  10.692      -2        -1 -0.744981        -0
28.1782 11.3579 8.24369 -0.866025 -0.859112      -0.5
18.2428 11.1659 14.9641      -0.5  -0.94805 -0.866025
      6 12.1229 17.5128 1.31134e-07   -0.822802          -1
-6.96998  12.2084  15.9717       0.5 -0.861122 -0.866025
-14.8147  11.5184  7.61389  0.866025 -0.782008      -0.5
-18.3406  9.47388       -2           1   -0.663019 8.74228e-08
 -15.078   10.629 -11.7355  0.866025 -0.673325       0.5
 -6.3586   12.831 -19.1246       0.5 -0.785495  0.866025
       6  12.5654 -22.5163 -9.93477e-08    -0.858318            1
18.9341 10.2058 -19.922      -0.5 -0.893139  0.866025
 27.0614  8.03131 -11.7278 -0.866026 -0.816934       0.5
59
0.177963
3.96988
