12
30.5713 10.4846      -2        -1 -0.759736        -0
28.2688 9.26614  8.2855 -0.866025  -0.73935      -0.5
18.0232 7.27368 14.6598      -0.5   -0.8425 -0.866025
      6 8.74566   17.85 1.31134e-07   -0.741731          -1
-6.19102  10.0069  14.8924       0.5 -0.769445 -0.866025
-16.3103  9.88151  8.30467  0.866025 -0.842253      -0.5
-18.4442  9.29894       -2           1   -0.718299 8.74228e-08
 -15.285  10.7643 -11.8311  0.866025 -0.734549       0.5
-6.19073  10.8327  -18.892       0.5 -0.705232  0.866025
      6  10.858 -22.247 -9.93477e-08    -0.809023            1
 18.3053  9.71824 -19.0507      -0.5 -0.846178  0.866025
  28.262  11.8674 -12.2824 -0.866026  -0.96262       0.5
374
0.17528
6.8883
