12
30.4433 6.51906      -2       -1 -0.56084       -0
27.2877 8.03741 7.83237 -0.866025 -0.497797      -0.5
18.6938 8.05532  15.589      -0.5 -0.551856 -0.866025
      6 9.61299 17.9525 1.31134e-07   -0.497855          -1
-6.0906 9.11814 14.7532       0.5 -0.460766 -0.866025
-15.6532  10.7915  8.00117  0.866025 -0.554348      -0.5
-18.3794  8.90028       -2           1   -0.672225 8.74228e-08
-16.0706  9.82615  -12.194  0.866025 -0.682804       0.5
-6.09567  11.9609 -18.7603      0.5  -0.5661 0.866025
       6  12.8393 -21.7586 -9.93477e-08    -0.468164            1
 18.6558  11.6931 -19.5364      -0.5 -0.536212  0.866025
 28.2994  13.9042 -12.2996 -0.866026 -0.451498       0.5
179
0.170763
5.11794
