12
30.0962 10.3321      -2        -1 -0.729538        -0
26.7876 11.4143 7.60138 -0.866025 -0.607518      -0.5
18.4995 12.8678 15.3198      -0.5 -0.626059 -0.866025
      6 11.4529 17.6233 1.31134e-07   -0.741977          -1
-6.66085  12.8333  15.5434       0.5 -0.627578 -0.866025
-15.8679  10.4248  8.10033  0.866025 -0.668914      -0.5
-18.389 12.4763      -2           1   -0.562646 8.74228e-08
-15.8404  13.2474 -12.0877  0.866025 -0.647102       0.5
-6.85072  11.0966 -19.8065       0.5 -0.768813  0.866025
       6  12.6147 -21.7461 -9.93477e-08    -0.838851            1
 18.7915  11.1806 -19.7245      -0.5 -0.896048  0.866025
 27.7651  11.5819 -12.0529 -0.866026  -1.01214       0.5
71
0.17418
4.04205
