12
30.0202 10.5163      -2        -1 -0.727973        -0
27.9419  8.0204 8.13451 -0.866025 -0.765801      -0.5
18.6715 10.0425 15.5581      -0.5 -0.851002 -0.866025
      6  12.114 17.9596 1.31134e-07   -0.727735          -1
-6.54631  13.5435  15.3847       0.5 -0.656868 -0.866025
-14.8535  13.8387   7.6318  0.866025 -0.783024      -0.5
-19.4784  12.8541       -2           1   -0.698074 8.74228e-08
-16.0937  12.8015 -12.2046  0.866025 -0.741348       0.5
-6.18125  10.7026 -18.8788       0.5 -0.779412  0.866025
       6  8.34344 -21.8857 -9.93477e-08    -0.708539            1
 18.3198  7.90636 -19.0708      -0.5 -0.640314  0.866025
 28.0526  8.82182 -12.1856 -0.866026  -0.57093       0.5
210
0.176516
5.36439
