12
30.1312 7.23345      -2        -1 -0.275685        -0
26.9798  9.1495 7.69016 -0.866025 -0.360752      -0.5
18.9798 11.4386 15.9853      -0.5 -0.441902 -0.866025
      6 10.5854 18.4281 1.31134e-07   -0.457407          -1
-6.36595  11.9592  15.1348       0.5 -0.442938 -0.866025
-15.1945  11.8628  7.78932  0.866025 -0.467148      -0.5
-19.4427  12.9805       -2           1   -0.374161 8.74228e-08
-16.3402  12.4874 -12.3185  0.866025 -0.348067       0.5
-6.49583  10.1416 -19.3147       0.5 -0.342035  0.866025
       6  9.83929 -21.5592 -9.93477e-08    -0.412641            1
 18.0859  10.6332 -18.7467      -0.5 -0.388997  0.866025
 27.2185  10.3142 -11.8004 -0.866026 -0.486803       0.5
83
0.031901
7.88835
