12
 30.158 5.30902      -2        -1 -0.205685        -0
27.6839 3.65138 8.01535  -0.866025 -0.0765772       -0.5
18.1337 4.76717  14.813      -0.5 -0.152379 -0.866025
      6 2.79741 17.7462 1.31134e-07  -0.0951332          -1
-6.31919  2.55996    15.07        0.5 -0.0682403  -0.866025
-14.9355  1.24044  7.66971   0.866025 -0.0765029       -0.5
-18.8062  3.64031       -2           1   -0.147019 8.74228e-08
 -15.375  1.54084 -11.8727  0.866025 -0.158932       0.5
-6.58923 0.863467 -19.4442       0.5 -0.222569  0.866025
       6   3.3373 -21.2687 -9.93477e-08    -0.128445            1
18.3625 4.27734  -19.13     -0.5  -0.1498 0.866025
  26.832  2.92836 -11.6219 -0.866026 -0.209966       0.5
474
0.0276693
18.9052
