12
31.9776 8.08782      -2        -1 -0.298079        -0
28.1914 8.26284 8.24976 -0.866025 -0.277299      -0.5
18.3033 5.92209  15.048      -0.5 -0.311743 -0.866025
      6 8.19679 18.3198 1.31134e-07   -0.348524          -1
-6.84164  10.3859  15.7939       0.5 -0.380833 -0.866025
-15.6488  10.5608  7.99916  0.866025 -0.307684      -0.5
-18.7012  11.6463       -2           1   -0.399216 8.74228e-08
-16.3604  12.4306 -12.3278 0.866025 -0.36046      0.5
-6.04041   11.344 -18.6837       0.5 -0.446411  0.866025
       6  13.7664 -21.4269 -9.93477e-08    -0.557547            1
 18.5315  11.9958 -19.3641      -0.5 -0.516988  0.866025
28.1767 11.1661 -12.243 -0.866026 -0.552338       0.5
210
0.0335286
11.4507
