12
 30.534 10.9039      -2        -1 -0.399447        -0
 27.644  12.696 7.99694 -0.866025 -0.483225      -0.5
18.2782 12.9887 15.0132      -0.5 -0.602933 -0.866025
      6  13.137 18.7133 1.31134e-07   -0.539269          -1
-6.79678  12.4034  15.7317       0.5 -0.541027 -0.866025
-15.5787  11.7576   7.9668  0.866025 -0.427636      -0.5
-19.3379  12.3449       -2           1   -0.384337 8.74228e-08
-15.0264  11.1292 -11.7117  0.866025 -0.399055       0.5
-6.04579  9.29829 -18.6911       0.5 -0.348242  0.866025
      6 8.04903 -21.594 -9.93477e-08    -0.307657            1
 18.9939  6.87109 -20.0049      -0.5 -0.260593  0.866025
 27.2185  4.80194 -11.8004 -0.866026 -0.300105       0.5
94
0.0144314
8.35505
