12
30.2741 10.7025      -2        -1 -0.402498        -0
27.8359 10.9245 8.08558 -0.866025 -0.418177      -0.5
18.4332 9.99121  15.228      -0.5 -0.462836 -0.866025
      6 7.89028 17.8595 1.31134e-07    -0.35104          -1
-6.3542 9.54312 15.1185       0.5 -0.460849 -0.866025
-16.1899  10.8468  8.24906 0.866025  -0.3423     -0.5
-18.028 12.3651      -2           1   -0.394665 8.74228e-08
-14.8286  11.5686 -11.6203  0.866025 -0.436588       0.5
-6.81075  12.2324 -19.7511       0.5 -0.477155  0.866025
      6 13.9876 -22.138 -9.93477e-08    -0.563577            1
 18.1652  12.3629 -18.8565      -0.5 -0.488891  0.866025
 28.3312  12.2827 -12.3143 -0.866026 -0.490454       0.5
150
0.0273438
9.95613
