12
 31.911 10.6115      -2       -1 -0.39374       -0
27.2722 8.83094 7.82521 -0.866025 -0.416586      -0.5
18.5767 9.17605 15.4268      -0.5 -0.371917 -0.866025
      6 8.56189 17.2821 1.31134e-07   -0.361207          -1
-6.95281  7.98161  15.9479       0.5 -0.271229 -0.866025
-15.3436  8.55364  7.85819 0.866025 -0.35736     -0.5
-18.8164  9.83314       -2           1   -0.349714 8.74228e-08
-15.3542  11.5523 -11.8631  0.866025 -0.356756       0.5
-6.21629  13.5562 -18.9274       0.5 -0.425236  0.866025
       6  13.0788 -22.4004 -9.93477e-08    -0.469172            1
    18.5  13.3983 -19.3206      -0.5 -0.583786  0.866025
 27.9916  12.9866 -12.1575 -0.866026 -0.536666       0.5
175
0.0372179
10.4296
