12
31.6069 8.06631      -2        -1 -0.297971        -0
28.4267 6.06549 8.35843 -0.866025 -0.245184      -0.5
18.8399 4.84973 15.7914      -0.5 -0.233012 -0.866025
      6 3.79013 18.4432 1.31134e-07    -0.18208          -1
-6.83435  3.25296  15.7838        0.5 -0.0966608  -0.866025
-15.7678  2.27987  8.05413   0.866025 -0.0435571       -0.5
-18.7277  1.78985       -2           1  -0.0898886 8.74228e-08
-15.5673    1.141 -11.9615  0.866025 -0.150437       0.5
-6.74614 0.404776 -19.6616       0.5 -0.181728  0.866025
       6  1.50436 -22.2387 -9.93477e-08   -0.0550716            1
 18.0357  1.85586 -18.6772        -0.5 -0.00663429    0.866025
 28.1438  2.50211 -12.2278 -0.866026 0.0491257       0.5
446
0.0278863
18.0165
