12
30.2226 8.06741      -2        -1 -0.302286        -0
27.0155 6.35402 7.70665 -0.866025 -0.277307      -0.5
18.0778 8.65651 14.7355      -0.5 -0.334778 -0.866025
      6 10.0067 17.4097 1.31134e-07   -0.371305          -1
-6.09735  10.2291  14.7626       0.5 -0.489227 -0.866025
-15.0112   11.867  7.70465  0.866025 -0.448661      -0.5
-19.351 13.1392      -2           1   -0.484622 8.74228e-08
-15.0677  12.3465 -11.7307  0.866025 -0.426969       0.5
-6.08072  10.3003 -18.7395       0.5 -0.390921  0.866025
       6  11.1374 -21.8249 -9.93477e-08    -0.444601            1
 18.2328  9.51148 -18.9503      -0.5 -0.377799  0.866025
 28.3032  7.01293 -12.3014 -0.866026 -0.485236       0.5
130
0.0246311
9.25102
