12
30.0668  11.723      -2        -1 -0.447358        -0
27.3942 12.3269 7.88158 -0.866025 -0.424075      -0.5
18.0988 12.1399 14.7645      -0.5 -0.551361 -0.866025
      6 13.6012 18.1645 1.31134e-07   -0.525753          -1
-6.73525  13.5498  15.6465       0.5 -0.564017 -0.866025
-15.3955  13.6843  7.88216  0.866025 -0.504853      -0.5
-19.5765  13.4681       -2           1   -0.516854 8.74228e-08
-16.5011  12.0629 -12.3928  0.866025 -0.385996       0.5
 -6.4584  11.0668 -19.2629      0.5 -0.43761 0.866025
       6  12.0985 -21.5225 -9.93477e-08    -0.443087            1
18.1806 12.8275 -18.878     -0.5 -0.55041 0.866025
 27.4165   10.925 -11.8919 -0.866026 -0.509419       0.5
190
0.0288628
10.9776
