12
31.1329 6.17793      -2        -1 -0.229741        -0
28.4329 8.43159  8.3613 -0.866025 -0.345162      -0.5
18.4932 9.04503 15.3111      -0.5 -0.440523 -0.866025
      6 10.7268 18.2147 1.31134e-07   -0.431755          -1
-6.73469   8.8598  15.6457       0.5 -0.337809 -0.866025
-14.8316  8.75018  7.62172  0.866025 -0.382756      -0.5
-19.677 10.0494      -2           1   -0.290231 8.74228e-08
-15.8967   12.494 -12.1137  0.866025 -0.376633       0.5
-6.81759  13.2111 -19.7606       0.5 -0.433654  0.866025
       6  11.3011 -21.6493 -9.93477e-08    -0.400364            1
 18.6104  9.08804 -19.4735      -0.5 -0.354232  0.866025
 27.6867  8.28868 -12.0167 -0.866026  -0.28295       0.5
538
0.0322266
20.1611
