12
31.8855  10.206      -2        -1 -0.365113        -0
 27.075 12.3767 7.73414 -0.866025 -0.485929      -0.5
18.6976 10.8643 15.5943      -0.5 -0.524756 -0.866025
      6 8.39848 18.7753 1.31134e-07   -0.441691          -1
-6.97738  9.32621   15.982       0.5 -0.355888 -0.866025
-15.6408  10.9904  7.99547  0.866025 -0.397255      -0.5
-19.5197  13.4528       -2           1   -0.422726 8.74228e-08
 -14.878  12.6578 -11.6431  0.866025 -0.512268       0.5
 -6.3832  13.7769 -19.1587      0.5 -0.50637 0.866025
       6  12.2486 -21.3324 -9.93477e-08    -0.479131            1
 18.8628  12.5144 -19.8232     -0.5 -0.44068 0.866025
 26.9858  12.8403 -11.6929 -0.866026 -0.457796       0.5
146
0.031033
9.86069
