12
30.7316 6.30493      -2        -1 -0.253712        -0
28.3324 5.80317 8.31491 -0.866025 -0.294019      -0.5
18.5981  5.2686 15.4564      -0.5 -0.259401 -0.866025
      6 6.46442 17.3985 1.31134e-07   -0.259636          -1
-6.88275  8.37773  15.8509       0.5 -0.285815 -0.866025
-16.3785  10.7462  8.33617  0.866025 -0.403912      -0.5
-18.6196  11.0356       -2           1   -0.399796 8.74228e-08
-15.9246  10.8218 -12.1265  0.866025 -0.375604       0.5
-6.27323  11.1953 -19.0063       0.5 -0.471114  0.866025
       6  12.1507 -22.6923 -9.93477e-08    -0.395876            1
 18.496 12.1594 -19.315      -0.5 -0.486668  0.866025
27.4276 13.3621 -11.897 -0.866026 -0.368346       0.5
331
0.0353733
15.0521
