12
30.9415 9.43463      -2        -1 -0.362736        -0
27.7799 10.0052 8.05969 -0.866025 -0.380779      -0.5
18.8264 8.33134 15.7728      -0.5 -0.334314 -0.866025
      6 8.75527 18.0305 1.31134e-07   -0.448531          -1
-6.09719   9.2838  14.7624       0.5 -0.457135 -0.866025
-14.9907  9.50086  7.69519  0.866025 -0.355557      -0.5
-18.1449  10.7014       -2           1   -0.419004 8.74228e-08
-15.1495  12.2795 -11.7685  0.866025 -0.360353       0.5
-6.92124  11.6847 -19.9042       0.5 -0.424354  0.866025
       6  12.4926 -21.3877 -9.93477e-08    -0.469114            1
 18.1521  12.2792 -18.8384      -0.5 -0.517642  0.866025
 27.8658  12.9132 -12.0994 -0.866026 -0.422817       0.5
150
0.0301649
9.89093
