12
31.6917  9.5419      -2       -1 -0.35863       -0
27.3449 9.92621 7.85878 -0.866025 -0.332983      -0.5
18.5917 10.1729 15.4475      -0.5 -0.355348 -0.866025
      6 11.3924 18.3327 1.31134e-07   -0.440527          -1
-6.13467  9.59687  14.8143       0.5 -0.459718 -0.866025
-16.1801  10.1667  8.24453  0.866025 -0.392633      -0.5
-18.0343  10.4911       -2           1   -0.402832 8.74228e-08
-14.9597  11.5233 -11.6809  0.866025 -0.426328       0.5
 -6.1586  11.3866 -18.8475       0.5 -0.378226  0.866025
       6  8.99866 -22.1789 -9.93477e-08     -0.37474            1
 18.3391  10.1538 -19.0975      -0.5 -0.474054  0.866025
 27.9487  11.7564 -12.1377 -0.866026 -0.390567       0.5
96
0.0451389
8.4241
