12
31.4637 8.67507      -2        -1 -0.314149        -0
27.5951  8.2776 7.97434 -0.866025 -0.361762      -0.5
18.1408 9.60641 14.8228      -0.5 -0.385918 -0.866025
      6 9.03985 17.2931 1.31134e-07   -0.405311          -1
-6.04933   10.847   14.696       0.5 -0.514784 -0.866025
-14.8227   10.876  7.61761  0.866025 -0.395317      -0.5
-18.5623  12.6017       -2           1   -0.457631 8.74228e-08
-15.8867   13.925  -12.109  0.866025 -0.529957       0.5
-6.64858  12.9088 -19.5264      0.5 -0.46883 0.866025
       6  11.3395 -21.7862 -9.93477e-08    -0.450215            1
 18.4518  8.96933 -19.2537      -0.5 -0.368463  0.866025
 28.4893  9.69804 -12.3873 -0.866026 -0.433732       0.5
146
0.0232205
9.65007
