12
31.8323 9.07737      -2        -1 -0.329606        -0
28.1046 7.46473 8.20968 -0.866025 -0.303443      -0.5
18.8441 8.50487 15.7973      -0.5 -0.357413 -0.866025
     6 10.297 17.861 1.31134e-07   -0.375079          -1
-6.45221   11.611  15.2543       0.5 -0.447792 -0.866025
-15.8847  11.8291   8.1081  0.866025 -0.419778      -0.5
-18.2808  11.5011       -2           1   -0.446506 8.74228e-08
-15.6669  9.72926 -12.0075  0.866025 -0.366095       0.5
-6.84286  11.3998 -19.7956       0.5 -0.485786  0.866025
       6  9.71693 -22.3861 -9.93477e-08    -0.423381            1
 18.5802   9.8907 -19.4316      -0.5 -0.369902  0.866025
 27.4155  11.3041 -11.8914 -0.866026 -0.388952       0.5
158
0.0366753
10.0082
