12
31.3183 11.1378      -2        -1 -0.412362        -0
27.1986 11.3037 7.79122 -0.866025  -0.46836      -0.5
18.5186 10.6049 15.3463      -0.5 -0.491637 -0.866025
      6 9.99256 17.2993 1.31134e-07   -0.392787          -1
-6.02612  11.0194  14.6639       0.5 -0.518431 -0.866025
-15.307 10.0227 7.84128  0.866025 -0.390763      -0.5
-18.9631  12.4208       -2           1   -0.389717 8.74228e-08
 -16.435   11.314 -12.3623  0.866025 -0.331901       0.5
-6.89971  9.46782 -19.8744       0.5 -0.334674  0.866025
       6  8.65641 -22.7983 -9.93477e-08    -0.359543            1
 18.6741  8.38901 -19.5617      -0.5 -0.337564  0.866025
 27.3291  8.26639 -11.8515 -0.866026 -0.322404       0.5
63
0.0268012
7.41815
