12
30.5219 4.83692      -2        -1 -0.172929        -0
27.4073 5.43663 7.88762 -0.866025 -0.154456      -0.5
 18.783 4.80186 15.7127      -0.5 -0.220682 -0.866025
      6 6.53457 18.5433 1.31134e-07   -0.255429          -1
-6.38325  6.40304  15.1587       0.5 -0.326073 -0.866025
-14.8413   7.3296  7.62617  0.866025 -0.258752      -0.5
-19.3915  8.66928       -2           1   -0.264146 8.74228e-08
-15.1882  9.64112 -11.7864  0.866025 -0.329592       0.5
-6.14755  8.47126 -18.8321       0.5 -0.244518  0.866025
       6  7.59364 -21.9747 -9.93477e-08    -0.350896            1
 18.3447  6.28313 -19.1053      -0.5 -0.226736  0.866025
 27.0384   6.4172 -11.7172 -0.866026 -0.119056       0.5
106
0.0341797
8.63011
