12
30.0605  8.1421      -2       -1 -0.30777       -0
28.3757 9.35273 8.33491 -0.866025 -0.322653      -0.5
18.9508 7.41587 15.9452      -0.5 -0.393518 -0.866025
      6 7.99316 18.7615 1.31134e-07   -0.265294          -1
-6.40895  9.51958  15.1943       0.5 -0.356978 -0.866025
-15.0945  7.92372  7.74311  0.866025 -0.334534      -0.5
-19.5651  10.2416       -2           1   -0.397926 8.74228e-08
-15.5445  12.3083  -11.951  0.866025 -0.373196       0.5
-6.52439  12.1381 -19.3543       0.5 -0.371688  0.866025
       6  12.2801 -22.7278 -9.93477e-08    -0.501567            1
 18.1694  12.0156 -18.8624      -0.5 -0.469739  0.866025
 26.7947  12.5845 -11.6047 -0.866026 -0.523046       0.5
238
0.0448134
12.4548
