12
 31.083 6.99425      -2        -1 -0.269923        -0
27.2916 4.92005 7.83419 -0.866025 -0.144743      -0.5
18.5709  7.1379 15.4187      -0.5 -0.264773 -0.866025
      6 7.28477 17.5068 1.31134e-07   -0.262577          -1
-6.70457  6.18053   15.604       0.5 -0.232133 -0.866025
-16.0772  5.77839  8.19701  0.866025 -0.253054      -0.5
-18.1819  6.02281       -2           1   -0.144724 8.74228e-08
-15.3349  4.77595 -11.8542   0.866025 -0.0974579        0.5
-6.38229  5.18081 -19.1574       0.5 -0.188721  0.866025
      6 2.94393 -21.939 -9.93477e-08    -0.141387            1
 18.0014  3.25734 -18.6296       -0.5 -0.0870688   0.866025
 28.2746  4.79044 -12.2882  -0.866026 -0.0116597        0.5
207
0.0378689
11.4911
