12
31.2106 8.75783      -2        -1 -0.324729        -0
27.7713 8.17922 8.05573 -0.866025 -0.382822      -0.5
18.8112 8.26886 15.7517      -0.5 -0.339018 -0.866025
      6 8.50907 18.6924 1.31134e-07   -0.420662          -1
-6.90727  10.4346  15.8848       0.5 -0.450219 -0.866025
-16.3945  12.1435  8.34356  0.866025 -0.508871      -0.5
-19.1063  12.9593       -2           1   -0.409231 8.74228e-08
 -15.385  12.9574 -11.8773  0.866025 -0.483587       0.5
-6.96987  10.9087 -19.9716       0.5 -0.427554  0.866025
       6  8.60235 -22.5588 -9.93477e-08    -0.311225            1
 18.0392  8.14705 -18.6821      -0.5 -0.294454  0.866025
 27.1984  7.85185 -11.7911 -0.866026 -0.200553       0.5
339
0.0324436
15.2603
