12
30.9569 10.7974      -2        -1 -0.405044        -0
26.8362 8.74008 7.62384 -0.866025  -0.30429      -0.5
18.1587 8.46955 14.8476      -0.5 -0.403304 -0.866025
      6 10.9068 18.7353 1.31134e-07   -0.423281          -1
-6.65245  8.53786  15.5317       0.5  -0.35862 -0.866025
 -15.32 9.07746 7.84731  0.866025 -0.329831      -0.5
-18.1863  10.1644       -2           1   -0.330232 8.74228e-08
-15.6038  8.66947 -11.9784  0.866025 -0.437184       0.5
-6.01099  9.69806 -18.6429       0.5 -0.370191  0.866025
       6  10.8864 -22.6854 -9.93477e-08    -0.424145            1
 18.4402  10.9911 -19.2377     -0.5 -0.40714 0.866025
 28.4832  12.7628 -12.3845 -0.866026 -0.405581       0.5
154
0.0168186
9.85581
