12
30.9819 8.50597      -2        -1 -0.321241        -0
27.7724 9.14323 8.05626 -0.866025  -0.31953      -0.5
18.5812 7.60967  15.433      -0.5  -0.31593 -0.866025
      6 9.12453 18.1175 1.31134e-07   -0.372993          -1
-6.34799  7.35439  15.1099       0.5 -0.318777 -0.866025
-15.8339  9.21198  8.08467  0.866025 -0.378638      -0.5
-19.1158  9.37771       -2           1   -0.330483 8.74228e-08
-15.0579  11.6808 -11.7262  0.866025 -0.330489       0.5
-6.14745   10.422  -18.832       0.5 -0.381253  0.866025
       6   8.3738 -22.2491 -9.93477e-08    -0.331375            1
 18.4801  8.09355 -19.2929      -0.5 -0.288364  0.866025
27.2457 9.31797 -11.813 -0.866026 -0.298249       0.5
163
0.023329
10.227
