12
30.1386 11.3579      -2        -1 -0.427834        -0
28.0612 12.0559 8.18962 -0.866025 -0.504853      -0.5
18.3009 11.5168 15.0446      -0.5 -0.511307 -0.866025
      6 11.6054  17.687 1.31134e-07   -0.516992          -1
-6.20377  10.9889    14.91       0.5 -0.435439 -0.866025
-16.5056  13.0504  8.39488  0.866025 -0.470659      -0.5
-19.011 13.7162      -2           1   -0.455409 8.74228e-08
-15.3443  11.6224 -11.8585  0.866025 -0.388027       0.5
-6.94159  13.1037 -19.9324       0.5 -0.439779  0.866025
       6    12.58 -21.4182 -9.93477e-08    -0.521959            1
 18.8474  13.7719 -19.8019      -0.5 -0.637576  0.866025
 28.0738  13.5482 -12.1954 -0.866026 -0.671069       0.5
43
0.0213759
6.84913
