12
31.3227 7.69497      -2        -1 -0.288106        -0
 27.582 7.59321  7.9683 -0.866025 -0.309021      -0.5
18.2554 9.48194 14.9815      -0.5  -0.42779 -0.866025
      6 11.2218 17.2222 1.31134e-07   -0.463142          -1
-6.03304  11.6903  14.6735       0.5  -0.52516 -0.866025
-15.4948  13.9571  7.92804  0.866025 -0.473406      -0.5
-18.5285  13.9101       -2           1   -0.480885 8.74228e-08
-15.5399  12.0227 -11.9489  0.866025 -0.359047       0.5
  -6.476   12.491 -19.2873      0.5 -0.43953 0.866025
      6 11.1022 -21.313 -9.93477e-08    -0.476204            1
 18.1055   11.653 -18.7739      -0.5 -0.484407  0.866025
 27.5437  9.33966 -11.9506 -0.866026 -0.419508       0.5
586
0.0223524
22.7513
