12
31.0761 8.30989      -2        -1 -0.317163        -0
27.4858 8.81649 7.92385 -0.866025 -0.284721      -0.5
18.1561 10.4003 14.8439      -0.5 -0.392237 -0.866025
      6 11.3407 18.5539 1.31134e-07    -0.41016          -1
-6.26011   10.746  14.9881       0.5 -0.355124 -0.866025
-16.2555  8.91797  8.27937  0.866025 -0.319124      -0.5
-19.6658  10.9366       -2           1   -0.377702 8.74228e-08
-14.9279  12.8755 -11.6662  0.866025 -0.407475       0.5
-6.76125  10.6542 -19.6825       0.5 -0.426984  0.866025
       6  11.4889 -21.6228 -9.93477e-08    -0.439388            1
 18.0386  9.66305 -18.6812      -0.5 -0.387915  0.866025
  27.934  8.01051 -12.1309 -0.866026 -0.480667       0.5
46
0.0367839
7.17328
