12
31.5633 6.54027      -2        -1 -0.664894        -0
27.1987 7.61891 7.79125 -0.866025 -0.538101      -0.5
18.4213 9.00937 15.2114      -0.5 -0.546395 -0.866025
      6 7.99552 18.0499 1.31134e-07   -0.514813          -1
-6.37305  8.54496  15.1446       0.5 -0.435143 -0.866025
-14.8845  9.08746  7.64616 0.866025 -0.37321     -0.5
-18.1884   10.753       -2           1   -0.478318 8.74228e-08
-15.9241  9.79483 -12.1263  0.866025 -0.536945       0.5
-6.24774  10.9017  -18.971      0.5 -0.44381 0.866025
       6  10.7711 -21.9018 -9.93477e-08    -0.332556            1
 18.4573  12.7018 -19.2613      -0.5 -0.336345  0.866025
 27.7035  13.1154 -12.0244 -0.866026 -0.441978       0.5
158
0.101128
10.1985
