12
30.6396 7.55153      -2        -1 -0.283645        -0
26.9127 8.57508 7.65918 -0.866025 -0.321678      -0.5
18.5909 8.69322 15.4465      -0.5  -0.35347 -0.866025
      6 8.35222 17.6452 1.31134e-07    -0.39003          -1
-6.51559  8.21865  15.3421       0.5 -0.374849 -0.866025
-14.8045   9.4903  7.60917  0.866025 -0.331237      -0.5
-18.6962  8.05692       -2           1   -0.284513 8.74228e-08
-15.0192  6.18706 -11.7084  0.866025 -0.188208       0.5
-6.72198  7.83108 -19.6281      0.5  -0.2373 0.866025
       6  6.77193 -21.6445 -9.93477e-08    -0.185941            1
 18.6448  8.65393 -19.5211      -0.5 -0.293816  0.866025
 27.5114  9.82098 -11.9357 -0.866026 -0.316238       0.5
87
0.0281033
8.16144
