12
30.2123 5.67411      -2       -1 -0.21678       -0
27.6288 8.05972 7.98993 -0.866025 -0.337927      -0.5
18.9201  9.1704 15.9026      -0.5 -0.434186 -0.866025
      6 7.67713 17.2289 1.31134e-07   -0.307986          -1
-6.09801  9.55212  14.7635       0.5 -0.356087 -0.866025
-15.4896  9.85583   7.9256 0.866025 -0.36524     -0.5
-18.3943  11.3245       -2           1   -0.381114 8.74228e-08
-15.7513  13.5691 -12.0465  0.866025 -0.455524       0.5
-6.70675  13.1205  -19.607       0.5 -0.500469  0.866025
       6  11.7321 -21.9875 -9.93477e-08    -0.537748            1
 18.1634  13.8918 -18.8541      -0.5 -0.499654  0.866025
 28.3557  12.4908 -12.3256 -0.866026 -0.417244       0.5
234
0.0315755
11.9924
