12
30.6036 6.66475      -2        -1 -0.254786        -0
27.0852 8.92918 7.73886 -0.866025 -0.333874      -0.5
18.8497 7.32371  15.805      -0.5 -0.299112 -0.866025
      6  9.5652 17.3181 1.31134e-07   -0.371968          -1
-6.41483  10.5576  15.2025       0.5  -0.48943 -0.866025
-14.8285  12.6075  7.62025  0.866025 -0.506973      -0.5
-19.5998  13.1883       -2           1      -0.399 8.74228e-08
-15.1518  11.8456 -11.7696  0.866025 -0.484055       0.5
-6.41675  12.4912 -19.2052       0.5 -0.516327  0.866025
       6   12.743 -21.2258 -9.93477e-08    -0.512312            1
 18.2589  12.9991 -18.9865      -0.5 -0.600152  0.866025
 27.7961  13.7571 -12.0672 -0.866026 -0.579594       0.5
129
0.0340712
9.23335
